9.342829221533739403e-01
9.285018033892076250e-01
9.150593110794565943e-01
9.072320846267133421e-01
8.985549772883758557e-01
8.889367711915107106e-01
8.782800982329195261e-01
8.665033983530232575e-01
8.535428213209967918e-01
8.393507193129422506e-01
8.239421044539128047e-01
8.073675097679509083e-01
7.897503951673447986e-01
7.712605491148010195e-01
7.521337246387963527e-01
7.326140048427405294e-01
7.129825072850977108e-01
6.935009940952112650e-01
6.744030118719070988e-01
6.558768539741763881e-01
6.380755363744645692e-01
6.211031597735174881e-01
6.050181483439394103e-01
5.898504382624675246e-01
5.755962376308498829e-01
5.622350383642222837e-01
5.497384867042571788e-01
5.380603931946531526e-01
5.271521212486631747e-01
5.169669545109794040e-01
5.074536418734479915e-01
4.985601949512345477e-01
4.902478914900264551e-01
4.824643450441611359e-01
4.751742330784159973e-01
4.683371982889918961e-01
4.619225161281265701e-01
4.558901083951512612e-01
4.502209691977117068e-01
4.448800952120417485e-01
